search_count: 6
distance_error: 7.106335163116455
data_rate_error: 18.27758026123047
Simulation single_grid_gaussian_min_ucb 1/1000 completed.
search_count: 8
distance_error: 1.0
data_rate_error: 0.42259979248046875
Simulation single_grid_gaussian_min_ucb 2/1000 completed.
search_count: 12
distance_error: 0.7071067690849304
data_rate_error: 0.4647674560546875
Simulation single_grid_gaussian_min_ucb 3/1000 completed.
